"","replicate_id","overshoot_ratio","subsample"
"1",1,70.5404670306442,1000
"2",2,14.9064576945634,1000
"3",3,142.222414211868,1000
"4",4,83.1591344053362,1000
"5",5,14.7705293720546,1000
"6",6,42.7832639329939,1000
"7",7,1.50051577985609,1000
"8",8,71.9132494847452,1000
"9",9,18.1951417277837,1000
"10",10,9.50276039211051,1000
"11",11,21.8804447189358,1000
"12",12,36.9989746299315,1000
"13",13,58.3135123413625,1000
"14",14,40.3111203873874,1000
"15",15,56.4583180425682,1000
"16",16,62.2019755022574,1000
"17",17,48.0712159583896,1000
"18",18,94.4191632898439,1000
"19",19,82.0874822492823,1000
"20",20,19.2752996553691,1000
"21",21,14.8288818695441,1000
"22",22,8.95912269687216,1000
"23",23,47.6400268633714,1000
"24",24,9.6784644471104,1000
"25",25,35.0696792375427,1000
"26",26,30.0243163517622,1000
"27",27,8.97214192017715,1000
"28",28,69.7229895458118,1000
"29",29,34.869329237186,1000
"30",30,10.1171333234007,1000
"31",31,17.0373117024614,1000
"32",32,38.2676531500814,1000
"33",33,16.0792566872459,1000
"34",34,1.4631580144908,1000
"35",35,34.4064342586214,1000
"36",36,99.1654885960091,1000
"37",37,11.5048257995909,1000
"38",38,16.9091446895808,1000
"39",39,31.8202861524342,1000
"40",40,46.5027786673622,1000
"41",41,47.9919037884469,1000
"42",42,7.65382458937092,1000
"43",43,29.4837924358082,1000
"44",44,107.595367785651,1000
"45",45,43.127438390278,1000
"46",46,93.4291640178886,1000
"47",47,9.44213801256644,1000
"48",48,67.1260906229931,1000
"49",49,55.5469778987738,1000
"50",50,1.84471962856168,1000
"51",51,75.5105419346702,1000
"52",52,7.9962420310109,1000
"53",53,26.3163191698834,1000
"54",54,50.282724966566,1000
"55",55,23.1869369953785,1000
"56",56,31.4996678793811,1000
"57",57,63.3497517802839,1000
"58",58,2.33801206417916,1000
"59",59,4.09108424016535,1000
"60",60,28.0413886307562,1000
"61",61,71.7686676912632,1000
"62",62,43.594056377233,1000
"63",63,31.6500633158412,1000
"64",64,222.901677586601,1000
"65",65,31.6035377433077,1000
"66",66,7.70217764771708,1000
"67",67,100.756244445366,1000
"68",68,67.528131467065,1000
"69",69,175.078560293007,1000
"70",70,48.5007243731739,1000
"71",71,44.9066112365559,1000
"72",72,7.88379789962157,1000
"73",73,30.702990354714,1000
"74",74,40.4206352215164,1000
"75",75,21.4214429296034,1000
"76",76,73.4093973125238,1000
"77",77,2.14838403063689,1000
"78",78,36.1266552435291,1000
"79",79,71.8037000192406,1000
"80",80,4.62964068826954,1000
"81",81,51.5320441726586,1000
"82",82,46.7481519462631,1000
"83",83,8.14814946069053,1000
"84",84,19.173272791756,1000
"85",85,88.7214327051411,1000
"86",86,46.4069197505801,1000
"87",87,22.1549162299606,1000
"88",88,25.4147733669607,1000
"89",89,45.3654863311892,1000
"90",90,82.2860288381799,1000
"91",91,39.6537927832563,1000
"92",92,46.4136921091818,1000
"93",93,104.142363996124,1000
"94",94,2.38454460172775,1000
"95",95,67.3059297830514,1000
"96",96,29.3757499007008,1000
"97",97,61.3898712135241,1000
"98",98,8.15000758789819,1000
"99",99,139.338622844098,1000
"100",100,4.7735283905781,1000
"101",1,14.4378703599624,1544
"102",2,40.8613761515131,1544
"103",3,9.82924673002539,1544
"104",4,5.1442923125089,1544
"105",5,9.48324043706927,1544
"106",6,18.9122096587169,1544
"107",7,10.6733195680719,1544
"108",8,10.944902734622,1544
"109",9,36.7271659448887,1544
"110",10,18.6814851675599,1544
"111",11,23.5918243135458,1544
"112",12,44.266035367102,1544
"113",13,26.1914965612009,1544
"114",14,7.50831489837456,1544
"115",15,8.99926985437061,1544
"116",16,87.4493873560866,1544
"117",17,23.3270587742418,1544
"118",18,29.3248378832933,1544
"119",19,32.1091303496446,1544
"120",20,13.7715657534954,1544
"121",21,40.8466825112364,1544
"122",22,79.75492411883,1544
"123",23,62.6633739384375,1544
"124",24,63.6210151817973,1544
"125",25,23.6586618346912,1544
"126",26,49.5575379778623,1544
"127",27,14.1794059532796,1544
"128",28,5.20454898896294,1544
"129",29,9.33172506618618,1544
"130",30,50.1894253577384,1544
"131",31,34.4275418743822,1544
"132",32,54.1684222692018,1544
"133",33,23.116149268787,1544
"134",34,15.2938331596519,1544
"135",35,48.9918490496066,1544
"136",36,5.45706912142285,1544
"137",37,5.40551101800291,1544
"138",38,25.5787960944775,1544
"139",39,42.0072175419783,1544
"140",40,20.8337381668089,1544
"141",41,66.8343815736216,1544
"142",42,84.9092374593907,1544
"143",43,37.683566580371,1544
"144",44,35.2239923864628,1544
"145",45,15.0742754342403,1544
"146",46,22.6007054135946,1544
"147",47,24.642308472117,1544
"148",48,45.8430062042714,1544
"149",49,16.1071484852449,1544
"150",50,37.6317178829688,1544
"151",51,42.1511448087886,1544
"152",52,27.7954354580057,1544
"153",53,34.4488170644974,1544
"154",54,32.5348703615669,1544
"155",55,26.8147326576651,1544
"156",56,9.17403030936126,1544
"157",57,2.49686957936035,1544
"158",58,19.1074952158754,1544
"159",59,1.33631930142237,1544
"160",60,28.147704071968,1544
"161",61,90.5962380529646,1544
"162",62,11.2814198782341,1544
"163",63,33.7997782830834,1544
"164",64,95.0650035906941,1544
"165",65,25.4291580413235,1544
"166",66,46.3208471519427,1544
"167",67,44.1786847078962,1544
"168",68,62.1402145757399,1544
"169",69,53.738058273689,1544
"170",70,4.73918180443759,1544
"171",71,25.6601445094817,1544
"172",72,7.11664160482073,1544
"173",73,24.2168009156496,1544
"174",74,18.5790625649218,1544
"175",75,38.3114084613445,1544
"176",76,9.29506154050408,1544
"177",77,3.98570962161326,1544
"178",78,13.0019134434889,1544
"179",79,19.6316730083079,1544
"180",80,4.18549642124399,1544
"181",81,51.6113758630754,1544
"182",82,36.9973948987579,1544
"183",83,44.6733285715428,1544
"184",84,11.0688558376981,1544
"185",85,9.09613209312821,1544
"186",86,33.2381133662074,1544
"187",87,43.5628404673205,1544
"188",88,77.9247580739495,1544
"189",89,120.337513345858,1544
"190",90,60.8904056320136,1544
"191",91,36.3611528360563,1544
"192",92,13.1944519448535,1544
"193",93,8.34821848907374,1544
"194",94,6.71027432468385,1544
"195",95,37.651039203429,1544
"196",96,20.8330963586578,1544
"197",97,20.4162813982278,1544
"198",98,78.1280521687133,1544
"199",99,19.1870843029185,1544
"200",100,2.19045000730816,1544
"201",1,16.8975609938504,2385
"202",2,5.29391049854389,2385
"203",3,1.76512689373798,2385
"204",4,6.28830918048551,2385
"205",5,54.3784635426703,2385
"206",6,16.2466828952656,2385
"207",7,18.0636138285895,2385
"208",8,34.4205260632946,2385
"209",9,19.2931615323799,2385
"210",10,35.438196368015,2385
"211",11,49.5242174010646,2385
"212",12,1.82303254276928,2385
"213",13,20.1853194932822,2385
"214",14,21.1706189707506,2385
"215",15,27.2505617908425,2385
"216",16,18.0219993886677,2385
"217",17,41.1576335345554,2385
"218",18,1.60704683374395,2385
"219",19,4.68840782022473,2385
"220",20,10.260820991731,2385
"221",21,25.9653559279871,2385
"222",22,19.2285123289115,2385
"223",23,18.6556936479509,2385
"224",24,5.07685290429708,2385
"225",25,2.03469184149923,2385
"226",26,17.6788947513329,2385
"227",27,21.4502657783666,2385
"228",28,1.41494384238716,2385
"229",29,1.77937087231133,2385
"230",30,9.97637759851955,2385
"231",31,36.6377151472919,2385
"232",32,47.9821065520858,2385
"233",33,33.7512727354994,2385
"234",34,67.4560064788499,2385
"235",35,24.0289893321199,2385
"236",36,13.7877532321085,2385
"237",37,24.0068501636881,2385
"238",38,34.6432448882661,2385
"239",39,6.46161250728028,2385
"240",40,9.26232247394077,2385
"241",41,16.9206918163578,2385
"242",42,6.8777589337321,2385
"243",43,32.9140802829864,2385
"244",44,8.37733950304065,2385
"245",45,9.04350205259141,2385
"246",46,22.588856868111,2385
"247",47,2.3841045412476,2385
"248",48,10.6552591764397,2385
"249",49,61.822257938976,2385
"250",50,16.3384986856752,2385
"251",51,5.1339600083633,2385
"252",52,3.72030646524912,2385
"253",53,81.8300349802292,2385
"254",54,1.5642558357356,2385
"255",55,19.1791348359394,2385
"256",56,26.6650122796475,2385
"257",57,18.286253700539,2385
"258",58,57.8853746966867,2385
"259",59,6.01840233970252,2385
"260",60,20.2890768556063,2385
"261",61,42.837996114925,2385
"262",62,21.6928732113597,2385
"263",63,8.55566184208012,2385
"264",64,21.2266575196296,2385
"265",65,42.7145487415626,2385
"266",66,12.7298227099504,2385
"267",67,2.90308569549369,2385
"268",68,33.9202981993747,2385
"269",69,17.373884416666,2385
"270",70,20.2938686358955,2385
"271",71,21.4431623706268,2385
"272",72,1.6670788304676,2385
"273",73,35.1102458984842,2385
"274",74,21.6339733985438,2385
"275",75,2.56639517071666,2385
"276",76,32.0236333654744,2385
"277",77,3.92723757041849,2385
"278",78,28.7043092681238,2385
"279",79,25.6610915440547,2385
"280",80,35.0401297136926,2385
"281",81,23.5642937629954,2385
"282",82,3.78074709305176,2385
"283",83,6.44499149143329,2385
"284",84,33.0795696515451,2385
"285",85,11.8118660617228,2385
"286",86,26.2789987560297,2385
"287",87,16.1311573864342,2385
"288",88,26.7329515375003,2385
"289",89,9.26741869225478,2385
"290",90,8.92969885792905,2385
"291",91,43.8503668504675,2385
"292",92,2.43866984176444,2385
"293",93,7.94020909506421,2385
"294",94,28.2281600158474,2385
"295",95,13.4781976046938,2385
"296",96,62.8754935804443,2385
"297",97,21.0166062271033,2385
"298",98,19.1913358430662,2385
"299",99,2.0176810906436,2385
"300",100,61.5474712195474,2385
"301",1,1.78800306867566,3684
"302",2,3.42611586852115,3684
"303",3,2.88713430277587,3684
"304",4,9.6486401095941,3684
"305",5,31.6894920085575,3684
"306",6,10.5112784704597,3684
"307",7,43.2156341623413,3684
"308",8,15.1692250256075,3684
"309",9,11.1028552712777,3684
"310",10,27.674220713636,3684
"311",11,19.0302846013402,3684
"312",12,8.96440667217946,3684
"313",13,6.47042998817571,3684
"314",14,29.7723862794197,3684
"315",15,27.9931403653677,3684
"316",16,7.85241998845776,3684
"317",17,1.32634485032571,3684
"318",18,12.6814058883595,3684
"319",19,9.70417696078418,3684
"320",20,12.905890869791,3684
"321",21,1.10097150776115,3684
"322",22,8.75318552124305,3684
"323",23,5.10853788984744,3684
"324",24,10.1000633076831,3684
"325",25,2.26358060341214,3684
"326",26,28.7919000709347,3684
"327",27,8.25939727553959,3684
"328",28,2.39940165359782,3684
"329",29,8.63087449546884,3684
"330",30,24.6253027438192,3684
"331",31,28.3414426696771,3684
"332",32,14.3577004506845,3684
"333",33,4.81336182429332,3684
"334",34,32.1716514329051,3684
"335",35,2.12029701427771,3684
"336",36,10.3913055382099,3684
"337",37,56.8894915197848,3684
"338",38,2.86809468370004,3684
"339",39,3.0632166963529,3684
"340",40,4.63052540489173,3684
"341",41,12.3799204042818,3684
"342",42,11.2930520156151,3684
"343",43,8.28397933267389,3684
"344",44,6.5660097472553,3684
"345",45,8.52768817296568,3684
"346",46,2.26972504555159,3684
"347",47,22.1284464299143,3684
"348",48,35.8441256952169,3684
"349",49,13.3244521663023,3684
"350",50,9.8306881006871,3684
"351",51,48.6060132956267,3684
"352",52,3.42117106865714,3684
"353",53,1.66335176361443,3684
"354",54,24.8970449221675,3684
"355",55,18.0880802907624,3684
"356",56,6.51294021931648,3684
"357",57,13.8183192712749,3684
"358",58,15.6604830798157,3684
"359",59,21.7638428405997,3684
"360",60,10.2973447224264,3684
"361",61,8.05108603487148,3684
"362",62,12.4668459256627,3684
"363",63,7.4595537402522,3684
"364",64,1.89747689567921,3684
"365",65,8.47815231012072,3684
"366",66,20.196674005768,3684
"367",67,2.87269752512647,3684
"368",68,20.5650868908558,3684
"369",69,18.0421616188975,3684
"370",70,26.1461009149311,3684
"371",71,50.8581127345919,3684
"372",72,9.50439384729274,3684
"373",73,25.6524415006398,3684
"374",74,1.58849369930058,3684
"375",75,29.4488582202324,3684
"376",76,20.5230343051366,3684
"377",77,22.100483978521,3684
"378",78,3.70459733515238,3684
"379",79,16.5750879860649,3684
"380",80,30.5558991449906,3684
"381",81,1.39788633081067,3684
"382",82,9.29413367279919,3684
"383",83,2.64446450319344,3684
"384",84,14.0566504121364,3684
"385",85,3.12046573859859,3684
"386",86,44.9112160828324,3684
"387",87,28.8361862601061,3684
"388",88,5.32435200645831,3684
"389",89,5.18844000801377,3684
"390",90,16.1205519153718,3684
"391",91,10.8685218500715,3684
"392",92,8.24488928046763,3684
"393",93,10.4627447190586,3684
"394",94,24.4764426347577,3684
"395",95,7.91255871548935,3684
"396",96,21.6003905667617,3684
"397",97,24.0841156407545,3684
"398",98,4.28048342034915,3684
"399",99,5.2455140707619,3684
"400",100,18.4084944647056,3684
"401",1,1.59857993329848,5690
"402",2,1.15548852000809,5690
"403",3,1.34408023712002,5690
"404",4,2.7608594780848,5690
"405",5,8.83574241893337,5690
"406",6,2.5487570188191,5690
"407",7,10.4510670393743,5690
"408",8,21.4234041360617,5690
"409",9,11.5705311374614,5690
"410",10,5.31663489097278,5690
"411",11,1.22366409034037,5690
"412",12,9.80774523839378,5690
"413",13,2.97290309450027,5690
"414",14,5.16663606762724,5690
"415",15,11.3109900485631,5690
"416",16,10.4657329080937,5690
"417",17,2.14646814679301,5690
"418",18,4.30638065032629,5690
"419",19,1.25696552076322,5690
"420",20,4.5745548954923,5690
"421",21,2.48847016850765,5690
"422",22,1.17048256861766,5690
"423",23,5.75095655280799,5690
"424",24,3.59340314936563,5690
"425",25,4.62492038542802,5690
"426",26,18.990584305334,5690
"427",27,1.63994861407643,5690
"428",28,13.3031109478932,5690
"429",29,1.7568189575052,5690
"430",30,10.1348461517714,5690
"431",31,9.75379941220433,5690
"432",32,2.26945970898356,5690
"433",33,10.9851780542736,5690
"434",34,13.4757657490103,5690
"435",35,1.75522569016969,5690
"436",36,7.16218631983678,5690
"437",37,21.8272828972521,5690
"438",38,2.16692945438912,5690
"439",39,15.4675250484348,5690
"440",40,4.47559132936148,5690
"441",41,7.8994238500607,5690
"442",42,1.82729141974914,5690
"443",43,1.72134006115598,5690
"444",44,6.3425421321317,5690
"445",45,16.8888665771749,5690
"446",46,6.18026349795686,5690
"447",47,1.96652150613041,5690
"448",48,3.3059132769131,5690
"449",49,14.1779471294123,5690
"450",50,11.564344695747,5690
"451",51,16.3905877437254,5690
"452",52,9.48672849415133,5690
"453",53,4.49051480687634,5690
"454",54,7.65899651742896,5690
"455",55,14.882433307839,5690
"456",56,9.10172373515539,5690
"457",57,12.6035676704883,5690
"458",58,14.3198565598468,5690
"459",59,9.10091556598491,5690
"460",60,14.8216247560451,5690
"461",61,10.0007024109838,5690
"462",62,16.1931924204384,5690
"463",63,1.54349446225277,5690
"464",64,9.04437248329115,5690
"465",65,1.13264272440235,5690
"466",66,6.05126911245035,5690
"467",67,8.86329477023939,5690
"468",68,10.8952299859189,5690
"469",69,17.2826061909048,5690
"470",70,3.56009321260675,5690
"471",71,5.10054366921198,5690
"472",72,3.98614711942247,5690
"473",73,16.5272302963648,5690
"474",74,19.115831695693,5690
"475",75,4.7272575019297,5690
"476",76,12.4062198364361,5690
"477",77,20.0967607943692,5690
"478",78,1.08077657612043,5690
"479",79,2.17370607385709,5690
"480",80,4.25539361108562,5690
"481",81,2.03880586479577,5690
"482",82,19.8273984690245,5690
"483",83,11.998516577949,5690
"484",84,11.9728132265684,5690
"485",85,14.9493149385504,5690
"486",86,1.1445357172235,5690
"487",87,1.2899783893845,5690
"488",88,29.4533124055196,5690
"489",89,5.63332345130951,5690
"490",90,14.6206460391984,5690
"491",91,1.66168114077436,5690
"492",92,16.0427931907792,5690
"493",93,18.1354829348446,5690
"494",94,2.56727449675642,5690
"495",95,5.97690001888917,5690
"496",96,3.80093118867997,5690
"497",97,30.7785115417847,5690
"498",98,1.29550046619397,5690
"499",99,11.3608285906175,5690
"500",100,1.68556388836877,5690
"501",1,11.6879613850596,8788
"502",2,1.69449428869539,8788
"503",3,1.64894193998147,8788
"504",4,1.67492063002372,8788
"505",5,4.02048558080792,8788
"506",6,2.10032309205244,8788
"507",7,31.9200494770189,8788
"508",8,24.3409915149151,8788
"509",9,2.69661008657617,8788
"510",10,3.59104848197123,8788
"511",11,15.0271249426737,8788
"512",12,1.60347441264562,8788
"513",13,12.6919591389496,8788
"514",14,10.2326456354995,8788
"515",15,3.20497413698884,8788
"516",16,1.7480837425532,8788
"517",17,2.64421563695993,8788
"518",18,9.9576146963265,8788
"519",19,13.9823968675956,8788
"520",20,3.91226942526579,8788
"521",21,2.99998208236341,8788
"522",22,5.1333302737433,8788
"523",23,3.52644716518918,8788
"524",24,25.9495685579481,8788
"525",25,3.23195324887227,8788
"526",26,2.03793530914598,8788
"527",27,4.1792927703288,8788
"528",28,3.73686795860362,8788
"529",29,2.32279121079038,8788
"530",30,13.1535273328931,8788
"531",31,2.15828894570835,8788
"532",32,1.92116109620222,8788
"533",33,1.29083484052886,8788
"534",34,12.9133322064656,8788
"535",35,13.8391380760494,8788
"536",36,9.691560234526,8788
"537",37,16.6296811107081,8788
"538",38,10.1719228474573,8788
"539",39,3.75437661230826,8788
"540",40,15.8940896830717,8788
"541",41,5.86367295277168,8788
"542",42,8.19450223930041,8788
"543",43,7.59453784693331,8788
"544",44,3.31495964306372,8788
"545",45,4.91667305032029,8788
"546",46,1.3057094920754,8788
"547",47,4.22606991744567,8788
"548",48,13.8578649973686,8788
"549",49,10.3657393188017,8788
"550",50,2.04324024047353,8788
"551",51,6.94955260095997,8788
"552",52,2.69549030350036,8788
"553",53,6.41975706246467,8788
"554",54,4.462835723551,8788
"555",55,10.7770550725972,8788
"556",56,4.94782290416662,8788
"557",57,9.79138463560458,8788
"558",58,2.8078845742574,8788
"559",59,6.1625022196532,8788
"560",60,5.12541148509802,8788
"561",61,1.4824572059807,8788
"562",62,5.28004228868006,8788
"563",63,5.21129297650358,8788
"564",64,22.8871606735181,8788
"565",65,19.4252777564075,8788
"566",66,2.25755460654398,8788
"567",67,7.69188314787561,8788
"568",68,1.22391139045141,8788
"569",69,2.80544039380619,8788
"570",70,3.64064841482103,8788
"571",71,1.1549857977918,8788
"572",72,2.33828407701364,8788
"573",73,13.1832276693389,8788
"574",74,12.7802640324526,8788
"575",75,10.9829626629698,8788
"576",76,4.09548064713161,8788
"577",77,1.15974577423184,8788
"578",78,4.44238483230386,8788
"579",79,2.46537503783006,8788
"580",80,1.18848077483983,8788
"581",81,20.3278252015882,8788
"582",82,11.8924211744753,8788
"583",83,10.3809745838068,8788
"584",84,16.8741159263686,8788
"585",85,1.45557393938503,8788
"586",86,1.53113645565139,8788
"587",87,4.97008916310882,8788
"588",88,7.97834927298568,8788
"589",89,16.1394067028309,8788
"590",90,2.58276496407639,8788
"591",91,2.97394046203103,8788
"592",92,13.2673094396352,8788
"593",93,2.82116207810126,8788
"594",94,5.46631146137733,8788
"595",95,10.8365747517158,8788
"596",96,3.73385808996596,8788
"597",97,3.42526463871726,8788
"598",98,2.33167974687833,8788
"599",99,2.75413499577493,8788
"600",100,1.50250927883899,8788
"601",1,3.25716858283198,13572
"602",2,1.37711365804599,13572
"603",3,1.93952142298892,13572
"604",4,5.22295742869661,13572
"605",5,2.52045023913711,13572
"606",6,3.49554675090347,13572
"607",7,2.36117363979216,13572
"608",8,11.8527819049419,13572
"609",9,3.50123859125251,13572
"610",10,1.75461361361928,13572
"611",11,10.5251808664719,13572
"612",12,4.15595815431533,13572
"613",13,11.7533585773044,13572
"614",14,3.22869599873043,13572
"615",15,11.9180885320591,13572
"616",16,1.63660625362438,13572
"617",17,1.41886647146843,13572
"618",18,9.63606735424061,13572
"619",19,1.1278229715,13572
"620",20,2.81736657886666,13572
"621",21,1.36124112400643,13572
"622",22,2.30579620482119,13572
"623",23,4.13320339032741,13572
"624",24,3.50972959309859,13572
"625",25,9.59957802464939,13572
"626",26,4.16746472387886,13572
"627",27,6.28228182572021,13572
"628",28,1.81702735180256,13572
"629",29,3.56500436064365,13572
"630",30,2.01118659817199,13572
"631",31,1.25007388673271,13572
"632",32,1.6955140645193,13572
"633",33,1.98776422990668,13572
"634",34,1.12662704415037,13572
"635",35,8.7847702060051,13572
"636",36,1.03446588207752,13572
"637",37,1.36888549520537,13572
"638",38,4.12040034583616,13572
"639",39,4.72711144759441,13572
"640",40,1.7743929116531,13572
"641",41,6.85703128376347,13572
"642",42,1.77902760375904,13572
"643",43,2.48496146776911,13572
"644",44,1.81569267620579,13572
"645",45,7.85805886314161,13572
"646",46,1.56781144413087,13572
"647",47,1.21223137786411,13572
"648",48,1.58830163575208,13572
"649",49,10.3082934677035,13572
"650",50,3.54289467441871,13572
"651",51,4.67493421615339,13572
"652",52,7.4411534787544,13572
"653",53,8.11912063172771,13572
"654",54,2.56163496719641,13572
"655",55,5.01300933948845,13572
"656",56,1.62343720911665,13572
"657",57,2.04453550223999,13572
"658",58,2.93053191615655,13572
"659",59,3.5227997278231,13572
"660",60,4.71193556981775,13572
"661",61,2.65975742946289,13572
"662",62,1.94221160059738,13572
"663",63,7.18691146673889,13572
"664",64,1.07219078640307,13572
"665",65,2.3950636932035,13572
"666",66,2.43012142209081,13572
"667",67,2.48296819052585,13572
"668",68,1.46757108093198,13572
"669",69,1.93642727854901,13572
"670",70,5.33082190480106,13572
"671",71,4.80307591114171,13572
"672",72,2.33816057207403,13572
"673",73,12.8834703137515,13572
"674",74,7.19156424781042,13572
"675",75,7.90537240665245,13572
"676",76,4.39731490195494,13572
"677",77,2.37714856817783,13572
"678",78,3.16100957323817,13572
"679",79,1.58771229670229,13572
"680",80,2.10815321409763,13572
"681",81,7.75972868429231,13572
"682",82,1.45372611367743,13572
"683",83,1.15711208068337,13572
"684",84,2.48111863288547,13572
"685",85,3.14100848897159,13572
"686",86,9.21056716621793,13572
"687",87,2.27491480358904,13572
"688",88,7.19224704672228,13572
"689",89,2.01237213485165,13572
"690",90,5.15093169572434,13572
"691",91,5.82054210125915,13572
"692",92,2.15572030226596,13572
"693",93,1.79251153528126,13572
"694",94,4.65450435861992,13572
"695",95,2.92789894818708,13572
"696",96,2.11784620310351,13572
"697",97,14.9944322180351,13572
"698",98,1.14408510222258,13572
"699",99,12.2259803957025,13572
"700",100,7.78053379441035,13572
"701",1,3.71321295813964,20961
"702",2,2.69375597474614,20961
"703",3,1.3162108172738,20961
"704",4,1.34889286069433,20961
"705",5,3.66396210164654,20961
"706",6,1.18558338959724,20961
"707",7,4.2605348719138,20961
"708",8,3.35552673439432,20961
"709",9,3.54905683984663,20961
"710",10,1.38062952505513,20961
"711",11,9.54775201700842,20961
"712",12,3.03914293074692,20961
"713",13,1.40388641183276,20961
"714",14,1.65811429096024,20961
"715",15,2.53996624139385,20961
"716",16,2.11026155612637,20961
"717",17,6.52436140504697,20961
"718",18,5.165267741708,20961
"719",19,4.44369087168051,20961
"720",20,2.20452244834024,20961
"721",21,8.31307413340365,20961
"722",22,3.38069296254018,20961
"723",23,3.45669790999814,20961
"724",24,1.86301592179638,20961
"725",25,1.09682133848081,20961
"726",26,3.78283549545277,20961
"727",27,3.38416703304922,20961
"728",28,1.45284334192077,20961
"729",29,4.42750255640889,20961
"730",30,3.97125083178573,20961
"731",31,1.54220615403329,20961
"732",32,4.21342743157638,20961
"733",33,1.12953841340277,20961
"734",34,1.82087266458186,20961
"735",35,2.70254487178453,20961
"736",36,1.26455504166623,20961
"737",37,1.14788064657922,20961
"738",38,4.33144770067839,20961
"739",39,3.55548447459331,20961
"740",40,6.75725362059842,20961
"741",41,1.34628635901716,20961
"742",42,1.63216523156314,20961
"743",43,4.30667166595455,20961
"744",44,4.15107638594425,20961
"745",45,1.87986310636581,20961
"746",46,2.0453239483631,20961
"747",47,2.14848329120609,20961
"748",48,2.70731275786029,20961
"749",49,7.77214442130303,20961
"750",50,1.94903356837139,20961
"751",51,2.13831519201291,20961
"752",52,3.09696316799779,20961
"753",53,3.79522156581658,20961
"754",54,1.4762892496023,20961
"755",55,2.55130897553468,20961
"756",56,1.41691447157662,20961
"757",57,3.81024899324123,20961
"758",58,1.24367497434987,20961
"759",59,1.158519890887,20961
"760",60,2.54502960115865,20961
"761",61,5.65692557932262,20961
"762",62,3.9230270544921,20961
"763",63,1.33313090069226,20961
"764",64,1.6671801804507,20961
"765",65,2.18436500465935,20961
"766",66,5.50484920001648,20961
"767",67,2.33901855602181,20961
"768",68,4.74274202539871,20961
"769",69,2.22982274551975,20961
"770",70,2.86193033141128,20961
"771",71,1.53287760280956,20961
"772",72,11.7097390250287,20961
"773",73,3.11035322159703,20961
"774",74,2.20890528109252,20961
"775",75,6.75627224283048,20961
"776",76,3.49347578091907,20961
"777",77,3.46764503035279,20961
"778",78,7.6897485868944,20961
"779",79,1.57237785368645,20961
"780",80,6.18315859370888,20961
"781",81,4.15439731176748,20961
"782",82,1.91782677894103,20961
"783",83,4.30432857301266,20961
"784",84,2.25370410662507,20961
"785",85,2.34139829674573,20961
"786",86,3.5903654295788,20961
"787",87,1.66328504708213,20961
"788",88,1.07672862709329,20961
"789",89,2.0144504738126,20961
"790",90,2.02557816463833,20961
"791",91,1.11925263308349,20961
"792",92,2.13250185706615,20961
"793",93,15.1563536900767,20961
"794",94,3.87345536722687,20961
"795",95,3.48268654525308,20961
"796",96,2.61751139736995,20961
"797",97,7.11086852485665,20961
"798",98,2.3249423416305,20961
"799",99,2.08853036363458,20961
"800",100,2.40459812274676,20961
"801",1,1.45405067376037,32374
"802",2,1.84553240747685,32374
"803",3,2.07357347825621,32374
"804",4,2.45154077542632,32374
"805",5,4.03823641134116,32374
"806",6,1.9095661500552,32374
"807",7,2.35301926062026,32374
"808",8,1.40639680237808,32374
"809",9,3.56475432673475,32374
"810",10,1.87247025289494,32374
"811",11,4.51802414153102,32374
"812",12,1.27445354999312,32374
"813",13,2.63130921159815,32374
"814",14,1.51582856210088,32374
"815",15,1.89183770392174,32374
"816",16,4.68712735600674,32374
"817",17,2.68364816276012,32374
"818",18,1.10153166962258,32374
"819",19,2.66141503056927,32374
"820",20,2.50181760886834,32374
"821",21,4.05155460484844,32374
"822",22,1.33969823490898,32374
"823",23,3.8075766192025,32374
"824",24,1.3192008803796,32374
"825",25,2.52749739131221,32374
"826",26,1.07800908543412,32374
"827",27,2.1187013479973,32374
"828",28,3.06294791004857,32374
"829",29,1.50896260130091,32374
"830",30,1.39390719513521,32374
"831",31,2.64691689949581,32374
"832",32,1.49917630641701,32374
"833",33,1.49012795715448,32374
"834",34,1.62726983971735,32374
"835",35,2.38226938033548,32374
"836",36,1.1549377531507,32374
"837",37,4.01956207726206,32374
"838",38,6.12244081995561,32374
"839",39,3.60315735709049,32374
"840",40,1.99437674149872,32374
"841",41,8.53724206794637,32374
"842",42,2.44764696562843,32374
"843",43,1.25131045385475,32374
"844",44,1.48055898881409,32374
"845",45,2.65410956034606,32374
"846",46,1.14970152492126,32374
"847",47,1.85226750106217,32374
"848",48,1.34959277294538,32374
"849",49,1.68947096816988,32374
"850",50,1.13272455572387,32374
"851",51,5.73366693526478,32374
"852",52,2.20147663997916,32374
"853",53,3.89764384163826,32374
"854",54,1.11896278270907,32374
"855",55,1.55460420354636,32374
"856",56,1.39406239333646,32374
"857",57,1.48360859186791,32374
"858",58,3.00656606817135,32374
"859",59,3.55704618479521,32374
"860",60,4.90504596722952,32374
"861",61,1.34752308144474,32374
"862",62,3.38530357652522,32374
"863",63,1.19495422508945,32374
"864",64,1.47725122920786,32374
"865",65,2.8076768002927,32374
"866",66,2.74716867331159,32374
"867",67,4.20093969809021,32374
"868",68,1.09167047100698,32374
"869",69,1.82207752220852,32374
"870",70,1.06396760796701,32374
"871",71,4.00741044689346,32374
"872",72,1.35047210088214,32374
"873",73,1.05353749026193,32374
"874",74,3.50719064681759,32374
"875",75,3.54577655217736,32374
"876",76,1.23411194131185,32374
"877",77,4.20744503208947,32374
"878",78,3.60768485080376,32374
"879",79,1.71018167858304,32374
"880",80,3.76280197676992,32374
"881",81,2.18123665170211,32374
"882",82,1.10725542646954,32374
"883",83,2.38860437233868,32374
"884",84,4.63173587144095,32374
"885",85,2.30787734244453,32374
"886",86,2.5601574712264,32374
"887",87,1.01930679874409,32374
"888",88,2.69433009946751,32374
"889",89,1.88918425654272,32374
"890",90,2.24692984607255,32374
"891",91,1.23018696411292,32374
"892",92,1.90870675645938,32374
"893",93,10.5815143637444,32374
"894",94,2.94309062491838,32374
"895",95,2.34426171488095,32374
"896",96,3.32021843966441,32374
"897",97,1.03610814837275,32374
"898",98,6.20956606695033,32374
"899",99,1.03936128293148,32374
"900",100,1.6239060813464,32374
"901",1,1.06811018143418,50000
"902",2,3.39922518385327,50000
"903",3,1.46292151494976,50000
"904",4,2.13978529917946,50000
"905",5,2.28008928948957,50000
"906",6,1.42476664787283,50000
"907",7,2.62851577527146,50000
"908",8,1.43348144456823,50000
"909",9,1.0398717001568,50000
"910",10,2.2182503128354,50000
"911",11,2.85580600350999,50000
"912",12,1.5162928253265,50000
"913",13,1.06904025288545,50000
"914",14,1.86709385510547,50000
"915",15,1.77494182402593,50000
"916",16,2.49148052730574,50000
"917",17,1.87330153767484,50000
"918",18,2.4532548643319,50000
"919",19,2.80214840529813,50000
"920",20,4.6217949115912,50000
"921",21,2.30078238274145,50000
"922",22,5.08570924246943,50000
"923",23,1.45278058759218,50000
"924",24,1.92961040140632,50000
"925",25,1.12297393499161,50000
"926",26,1.56975410409987,50000
"927",27,2.57554959240403,50000
"928",28,2.6056200748692,50000
"929",29,3.67210094082693,50000
"930",30,3.60054559544187,50000
"931",31,3.84967021655469,50000
"932",32,4.157036561514,50000
"933",33,2.61368747375146,50000
"934",34,1.28531053725533,50000
"935",35,3.16154968066917,50000
"936",36,2.05134857683698,50000
"937",37,1.17194122018004,50000
"938",38,3.09202132459108,50000
"939",39,2.52510938161532,50000
"940",40,1.02491054969218,50000
"941",41,1.35295452783161,50000
"942",42,3.05592259477461,50000
"943",43,2.86199475650339,50000
"944",44,3.90787423501515,50000
"945",45,1.38171716144581,50000
"946",46,1.01349429759432,50000
"947",47,2.82377848311865,50000
"948",48,1.78641055982864,50000
"949",49,1.07655884143342,50000
"950",50,5.73189038152733,50000
"951",51,1.63987962943923,50000
"952",52,1.85368891994497,50000
"953",53,1.93995554144677,50000
"954",54,1.67871888455823,50000
"955",55,1.391736512675,50000
"956",56,1.32161402058811,50000
"957",57,1.19820082290619,50000
"958",58,1.4433829669043,50000
"959",59,1.30829857648451,50000
"960",60,2.88752219669286,50000
"961",61,3.00139502594221,50000
"962",62,3.0453579704548,50000
"963",63,1.06014841404124,50000
"964",64,1.82104318287024,50000
"965",65,1.21564608201611,50000
"966",66,2.1261410463688,50000
"967",67,1.42052672438275,50000
"968",68,1.935497714739,50000
"969",69,1.46848204272375,50000
"970",70,2.38573965096744,50000
"971",71,4.50032775693998,50000
"972",72,1.88307535646618,50000
"973",73,2.72315489756036,50000
"974",74,2.17447337391152,50000
"975",75,3.43063721359171,50000
"976",76,4.54458702243143,50000
"977",77,1.99406852177675,50000
"978",78,3.49707648660824,50000
"979",79,2.72170422906948,50000
"980",80,1.619493237444,50000
"981",81,2.30111025232294,50000
"982",82,3.67784178659791,50000
"983",83,1.18156802107278,50000
"984",84,1.93743303852079,50000
"985",85,1.26927581423075,50000
"986",86,2.21268249973872,50000
"987",87,2.33071588971456,50000
"988",88,1.44597288579962,50000
"989",89,1.50990806517814,50000
"990",90,1.72636822076688,50000
"991",91,1.32906961109365,50000
"992",92,1.24834327152693,50000
"993",93,1.39454968409169,50000
"994",94,1.50861353364617,50000
"995",95,3.59068565555787,50000
"996",96,1.13598260568892,50000
"997",97,1.40147178968042,50000
"998",98,1.23181340765693,50000
"999",99,1.49537740691263,50000
"1000",100,1.26648364737769,50000
