"","replicate_id","undershoot_ratio","subsample"
"1",1,1.26935296322905,1000
"2",2,3.05957234834166,1000
"3",3,1.187743867996,1000
"4",4,1.14669894718508,1000
"5",5,1.1376686725367,1000
"6",6,1.27834835022082,1000
"7",7,3.38974928389825,1000
"8",8,1.1220784456976,1000
"9",9,1.30483850504396,1000
"10",10,1.5949213199902,1000
"11",11,1.30507672774689,1000
"12",12,1.82072415020923,1000
"13",13,0.976096273531895,1000
"14",14,1.25269694816529,1000
"15",15,1.23429110985828,1000
"16",16,1.2177842146534,1000
"17",17,1.52548358941004,1000
"18",18,1.06314132213257,1000
"19",19,1.33040623047812,1000
"20",20,1.34390045688355,1000
"21",21,1.54351435442568,1000
"22",22,1.15186567436126,1000
"23",23,1.13589676440822,1000
"24",24,1.54995852302993,1000
"25",25,1.25448585934832,1000
"26",26,1.52275335252185,1000
"27",27,2.14852782147356,1000
"28",28,1.16572076825497,1000
"29",29,1.28359659335106,1000
"30",30,3.87601969815295,1000
"31",31,1.21068717538626,1000
"32",32,1.29675783586488,1000
"33",33,1.29267971581206,1000
"34",34,8.22109838208352,1000
"35",35,1.12932933885517,1000
"36",36,1.02948472798661,1000
"37",37,2.23930807248381,1000
"38",38,1.95793743233926,1000
"39",39,1.18700774612449,1000
"40",40,2.18871809336189,1000
"41",41,1.2493606497607,1000
"42",42,5.589532972759,1000
"43",43,1.27342240753201,1000
"44",44,1.0264358866656,1000
"45",45,1.24379940979348,1000
"46",46,1.34195130280408,1000
"47",47,1.37202646478487,1000
"48",48,1.4290230026409,1000
"49",49,1.40939418546619,1000
"50",50,2.56931889987515,1000
"51",51,1.31996954107727,1000
"52",52,3.71453699121201,1000
"53",53,1.20650597340227,1000
"54",54,1.18887989514744,1000
"55",55,0.98297202019918,1000
"56",56,1.46111505416409,1000
"57",57,1.5150101170485,1000
"58",58,2.58891857341012,1000
"59",59,1.19107561300407,1000
"60",60,1.40339135346106,1000
"61",61,1.24928257598827,1000
"62",62,1.22347228419422,1000
"63",63,1.36279423682521,1000
"64",64,1.15916235152794,1000
"65",65,1.20071506805881,1000
"66",66,1.59876889699252,1000
"67",67,1.20868732052332,1000
"68",68,1.47645671953182,1000
"69",69,1.02332057741244,1000
"70",70,1.17531702719953,1000
"71",71,1.7202151456882,1000
"72",72,1.21539262533439,1000
"73",73,1.13000931916129,1000
"74",74,1.33574432634403,1000
"75",75,2.07343464714633,1000
"76",76,1.15995319167875,1000
"77",77,10.6107225466918,1000
"78",78,1.61224559846941,1000
"79",79,1.15502574172015,1000
"80",80,1.5246765867044,1000
"81",81,1.2402020371469,1000
"82",82,1.26604427280697,1000
"83",83,1.49902848281548,1000
"84",84,1.18906942193288,1000
"85",85,1.17484829571663,1000
"86",86,1.65849786502672,1000
"87",87,3.08245302254075,1000
"88",88,1.36027189657269,1000
"89",89,1.13450973840739,1000
"90",90,1.63891362329011,1000
"91",91,1.01039159145354,1000
"92",92,1.24523914435433,1000
"93",93,0.996381542762457,1000
"94",94,2.27192384405266,1000
"95",95,1.24401821526427,1000
"96",96,1.72068997642742,1000
"97",97,1.6511726406873,1000
"98",98,1.31869686778404,1000
"99",99,1.10571585401282,1000
"100",100,2.53761407365519,1000
"101",1,1.1387946755084,1544
"102",2,2.16314457433922,1544
"103",3,1.38235378845095,1544
"104",4,1.30040641474207,1544
"105",5,1.22235525916867,1544
"106",6,1.06068260168234,1544
"107",7,1.757841497235,1544
"108",8,1.30247817912757,1544
"109",9,1.89512066692676,1544
"110",10,1.10676927659734,1544
"111",11,2.26312557472568,1544
"112",12,1.15850267919926,1544
"113",13,1.58832560026892,1544
"114",14,1.24856519957185,1544
"115",15,1.51148657782322,1544
"116",16,1.12535700627443,1544
"117",17,1.17646346411137,1544
"118",18,1.17449206781313,1544
"119",19,1.59956862011389,1544
"120",20,1.26290199661825,1544
"121",21,1.68890909382136,1544
"122",22,1.13176461826578,1544
"123",23,1.12500042247942,1544
"124",24,1.243738811472,1544
"125",25,1.49988683298308,1544
"126",26,1.09938315424669,1544
"127",27,1.23071686820172,1544
"128",28,1.40597307996872,1544
"129",29,1.25487776685033,1544
"130",30,1.10492383194709,1544
"131",31,1.16746619514949,1544
"132",32,1.57348161408919,1544
"133",33,2.23974010312809,1544
"134",34,1.48019325197976,1544
"135",35,1.16390117289959,1544
"136",36,1.20019799669476,1544
"137",37,4.79097195890212,1544
"138",38,1.25444636005468,1544
"139",39,1.13044529784862,1544
"140",40,1.39664586040791,1544
"141",41,1.14209546944423,1544
"142",42,1.09884516376642,1544
"143",43,1.22153367398361,1544
"144",44,1.4634424980309,1544
"145",45,1.95066394641186,1544
"146",46,1.1695651484096,1544
"147",47,1.05371917163959,1544
"148",48,1.83211424644064,1544
"149",49,1.26694855586801,1544
"150",50,1.263368719797,1544
"151",51,1.167231335139,1544
"152",52,1.43306565827208,1544
"153",53,1.27794778196334,1544
"154",54,1.6917481499097,1544
"155",55,1.92432343505305,1544
"156",56,1.30524656460045,1544
"157",57,3.11225568398851,1544
"158",58,1.9375372847616,1544
"159",59,4.1882552254135,1544
"160",60,1.26860840575579,1544
"161",61,1.39786455814194,1544
"162",62,1.35241998918499,1544
"163",63,1.3178626113438,1544
"164",64,1.15940743833179,1544
"165",65,1.65704836710396,1544
"166",66,1.35528325798207,1544
"167",67,1.4582001900108,1544
"168",68,1.03896585430185,1544
"169",69,1.09195960509952,1544
"170",70,1.27694550445039,1544
"171",71,1.41809048512508,1544
"172",72,2.15063951568628,1544
"173",73,1.41880170065391,1544
"174",74,1.10856459637523,1544
"175",75,1.1472172099302,1544
"176",76,1.06741944215724,1544
"177",77,1.25207651317586,1544
"178",78,1.6213065339576,1544
"179",79,1.1377038028682,1544
"180",80,1.310372468651,1544
"181",81,1.38517705617515,1544
"182",82,1.19339019472568,1544
"183",83,1.0589514921195,1544
"184",84,5.0588736248223,1544
"185",85,1.88291129634298,1544
"186",86,1.44878650571545,1544
"187",87,1.1371667393509,1544
"188",88,1.21753572841224,1544
"189",89,1.24838505762044,1544
"190",90,1.02782849514071,1544
"191",91,1.43962464926962,1544
"192",92,1.24625593144011,1544
"193",93,1.13081725971791,1544
"194",94,1.28949662767216,1544
"195",95,1.11999308655132,1544
"196",96,1.80073496231535,1544
"197",97,1.10810792068325,1544
"198",98,1.21203052317158,1544
"199",99,1.36213926110783,1544
"200",100,2.1757318477387,1544
"201",1,1.29658083393176,2385
"202",2,2.56404597609336,2385
"203",3,2.61926851371347,2385
"204",4,1.24425229890632,2385
"205",5,1.28579723970155,2385
"206",6,1.65593542554475,2385
"207",7,1.22726361916007,2385
"208",8,1.53761119958955,2385
"209",9,1.58895018081259,2385
"210",10,1.17406978250658,2385
"211",11,1.06033271325146,2385
"212",12,1.55222739497951,2385
"213",13,1.10565844373931,2385
"214",14,1.11043418187319,2385
"215",15,1.11896389286027,2385
"216",16,1.57101357695098,2385
"217",17,1.14480066852152,2385
"218",18,3.38755122018613,2385
"219",19,1.1081090027296,2385
"220",20,2.17703677670791,2385
"221",21,1.31337375088011,2385
"222",22,1.36366329907574,2385
"223",23,1.14662476488759,2385
"224",24,1.14893769407705,2385
"225",25,1.81326737498298,2385
"226",26,1.15132561880285,2385
"227",27,1.25807020300957,2385
"228",28,8.6473784938004,2385
"229",29,11.8380159918609,2385
"230",30,1.61290355619098,2385
"231",31,1.22890207711923,2385
"232",32,1.27411042921034,2385
"233",33,1.12055153579826,2385
"234",34,1.17801200627058,2385
"235",35,2.1780286957639,2385
"236",36,1.1924208748017,2385
"237",37,1.17929045610119,2385
"238",38,1.04774507803572,2385
"239",39,2.43239106447049,2385
"240",40,3.07703928371556,2385
"241",41,1.31678924512644,2385
"242",42,1.23782225713191,2385
"243",43,1.25999636253123,2385
"244",44,1.29718044107574,2385
"245",45,2.53512542735823,2385
"246",46,1.2690789294165,2385
"247",47,1.38678363844207,2385
"248",48,1.17313838311591,2385
"249",49,1.16828002103299,2385
"250",50,1.26087372100736,2385
"251",51,1.33108183266926,2385
"252",52,1.06824787410617,2385
"253",53,1.14818911767443,2385
"254",54,2.3556859979792,2385
"255",55,1.8902491620972,2385
"256",56,1.14429114186679,2385
"257",57,1.14368094276769,2385
"258",58,1.06597871762918,2385
"259",59,1.14591268609021,2385
"260",60,1.30640809556088,2385
"261",61,1.02213386916501,2385
"262",62,1.40215004176191,2385
"263",63,1.03449218005682,2385
"264",64,1.14014994505631,2385
"265",65,1.0741451895446,2385
"266",66,1.45562433349697,2385
"267",67,1.53575913972818,2385
"268",68,1.28739169841384,2385
"269",69,1.7016856331128,2385
"270",70,1.51821363732665,2385
"271",71,1.04125379386376,2385
"272",72,94.4032697582111,2385
"273",73,1.1348035046845,2385
"274",74,1.09067973776715,2385
"275",75,2.25108656141178,2385
"276",76,1.10570279978532,2385
"277",77,1.09910741758064,2385
"278",78,1.2598895553852,2385
"279",79,1.12082893606411,2385
"280",80,1.23924420717481,2385
"281",81,1.59275611875918,2385
"282",82,1.61279089971603,2385
"283",83,1.57519152249574,2385
"284",84,1.63696903242988,2385
"285",85,1.17420719643935,2385
"286",86,2.25790355997277,2385
"287",87,1.4366069516057,2385
"288",88,1.3902315071378,2385
"289",89,1.24046452296866,2385
"290",90,1.43382870841941,2385
"291",91,1.20648271277036,2385
"292",92,2.85480004582337,2385
"293",93,1.9122172588387,2385
"294",94,1.77383150493408,2385
"295",95,1.19350943517377,2385
"296",96,1.13951790307986,2385
"297",97,1.86698445686644,2385
"298",98,1.0745813538594,2385
"299",99,10.1606404773949,2385
"300",100,1.08252968472969,2385
"301",1,1.42952900727828,3684
"302",2,1.35423686957156,3684
"303",3,3.64900974759785,3684
"304",4,1.21809592546703,3684
"305",5,1.04396487733,3684
"306",6,1.54679990839124,3684
"307",7,1.16643633811133,3684
"308",8,1.07234639859465,3684
"309",9,1.47663910275597,3684
"310",10,1.13950815994112,3684
"311",11,1.27566268849245,3684
"312",12,1.76895910321843,3684
"313",13,1.9222027453992,3684
"314",14,1.33161793615211,3684
"315",15,1.18546685813933,3684
"316",16,2.80335032910047,3684
"317",17,2.65967666505747,3684
"318",18,1.06591891189126,3684
"319",19,1.14242002354067,3684
"320",20,1.25052721373855,3684
"321",21,17.3968540031425,3684
"322",22,1.09131790038931,3684
"323",23,1.80971033115726,3684
"324",24,1.53558590448091,3684
"325",25,1.38100114978947,3684
"326",26,1.48617645664444,3684
"327",27,1.1347166904821,3684
"328",28,3.63337125600274,3684
"329",29,1.19783127893369,3684
"330",30,1.40618159106793,3684
"331",31,1.07187170610869,3684
"332",32,1.14471215240938,3684
"333",33,1.12127575831625,3684
"334",34,1.18499815684149,3684
"335",35,1.77786936329603,3684
"336",36,1.07633906056039,3684
"337",37,1.28185175774145,3684
"338",38,2.30131897486993,3684
"339",39,2.0895311329091,3684
"340",40,1.23621934988656,3684
"341",41,1.71173914266175,3684
"342",42,1.4640140871987,3684
"343",43,1.0698302692242,3684
"344",44,1.91102701888933,3684
"345",45,1.36633860832098,3684
"346",46,1.401121138914,3684
"347",47,1.34068061269769,3684
"348",48,1.22636458007597,3684
"349",49,1.65812021829049,3684
"350",50,1.14317730791217,3684
"351",51,1.18381738443654,3684
"352",52,1.51040936385004,3684
"353",53,2.60617227382607,3684
"354",54,1.16516830380078,3684
"355",55,1.21519550769494,3684
"356",56,1.10313584605626,3684
"357",57,1.07641131912249,3684
"358",58,1.25551570654763,3684
"359",59,1.02233408132593,3684
"360",60,1.05082621498668,3684
"361",61,1.35837470945214,3684
"362",62,1.41599716573148,3684
"363",63,1.74611591302539,3684
"364",64,3.52020853351927,3684
"365",65,1.49159269351427,3684
"366",66,1.73872342908677,3684
"367",67,1.2897961940642,3684
"368",68,1.12113293718901,3684
"369",69,1.03279866750504,3684
"370",70,1.11194703365394,3684
"371",71,1.0697700775873,3684
"372",72,1.38461370351709,3684
"373",73,1.32914613961903,3684
"374",74,26.124408674554,3684
"375",75,1.23050513481732,3684
"376",76,1.04741061545811,3684
"377",77,1.37505475910259,3684
"378",78,2.54233927648775,3684
"379",79,1.34483831099765,3684
"380",80,1.07406610965048,3684
"381",81,2.54003857889616,3684
"382",82,1.92263702641741,3684
"383",83,1.21740934792788,3684
"384",84,1.32889284940301,3684
"385",85,4.69042617123301,3684
"386",86,1.13000782290486,3684
"387",87,1.59743997882895,3684
"388",88,1.66229337772316,3684
"389",89,4.01234496030654,3684
"390",90,1.12764423420656,3684
"391",91,1.06361320638807,3684
"392",92,1.23890081896601,3684
"393",93,1.17036592152817,3684
"394",94,1.11636054103003,3684
"395",95,1.20307781325128,3684
"396",96,1.15753148453813,3684
"397",97,1.03697777956685,3684
"398",98,1.26886837748657,3684
"399",99,2.53175075866576,3684
"400",100,1.43397869806033,3684
"401",1,1.47530043045572,5690
"402",2,7.56118028432323,5690
"403",3,2.45652566004367,5690
"404",4,1.36917276802517,5690
"405",5,1.44423305090785,5690
"406",6,1.65999260103189,5690
"407",7,1.3383445184629,5690
"408",8,1.13586592342109,5690
"409",9,1.19835711379052,5690
"410",10,2.09480344926081,5690
"411",11,2.19655390041006,5690
"412",12,1.15567541264299,5690
"413",13,1.42303421642518,5690
"414",14,1.50649744606943,5690
"415",15,1.43657880319703,5690
"416",16,1.04864062453216,5690
"417",17,1.40897776670714,5690
"418",18,1.15263855262153,5690
"419",19,3.88772460214147,5690
"420",20,1.12603780692525,5690
"421",21,1.14672540608593,5690
"422",22,7.61556523778294,5690
"423",23,2.46369235466324,5690
"424",24,1.38365200321977,5690
"425",25,1.00505056926074,5690
"426",26,1.4022554331917,5690
"427",27,2.29615597209066,5690
"428",28,1.32597165082666,5690
"429",29,1.30971845625978,5690
"430",30,1.14205895749752,5690
"431",31,1.10715336776416,5690
"432",32,10.9496298916627,5690
"433",33,1.17568384161099,5690
"434",34,1.02933629123637,5690
"435",35,2.7648272993645,5690
"436",36,1.54812992846005,5690
"437",37,1.06161644112657,5690
"438",38,2.34158339384695,5690
"439",39,1.18301657156004,5690
"440",40,1.34805423609031,5690
"441",41,1.137506347823,5690
"442",42,12.3930396646234,5690
"443",43,1.45250318717066,5690
"444",44,1.15587138344794,5690
"445",45,1.16927229319088,5690
"446",46,1.06005650043714,5690
"447",47,1.80632146855484,5690
"448",48,2.55768700128019,5690
"449",49,1.43467308154713,5690
"450",50,1.19468237943592,5690
"451",51,1.08623227721451,5690
"452",52,1.54683614418978,5690
"453",53,1.54520758633219,5690
"454",54,1.20921197376832,5690
"455",55,1.11621326108626,5690
"456",56,1.32954440855669,5690
"457",57,1.24568390966651,5690
"458",58,1.04331855084531,5690
"459",59,1.26321583921051,5690
"460",60,1.11278873179824,5690
"461",61,1.12197285094324,5690
"462",62,1.14441077036923,5690
"463",63,4.12856655200529,5690
"464",64,1.04085927780355,5690
"465",65,3.41603270025861,5690
"466",66,1.63492332184327,5690
"467",67,1.03926005727872,5690
"468",68,1.75848107302452,5690
"469",69,1.06548862621488,5690
"470",70,1.81142608336429,5690
"471",71,1.93407376170396,5690
"472",72,1.2625187862703,5690
"473",73,1.05554997271901,5690
"474",74,1.06447165493139,5690
"475",75,1.37390475640067,5690
"476",76,1.08800484634007,5690
"477",77,1.10849691445933,5690
"478",78,2.47804022296603,5690
"479",79,1.30492581870712,5690
"480",80,1.18427621223485,5690
"481",81,1.41296722261642,5690
"482",82,1.22118401322811,5690
"483",83,1.21494642524914,5690
"484",84,1.14158918659847,5690
"485",85,1.2192012331415,5690
"486",86,3.27188548993789,5690
"487",87,7.76279150729929,5690
"488",88,1.04285196319981,5690
"489",89,1.11715675860448,5690
"490",90,1.05186935495236,5690
"491",91,5.17343087170088,5690
"492",92,1.10882027326444,5690
"493",93,1.43521900848875,5690
"494",94,1.11434841726811,5690
"495",95,1.64252052725716,5690
"496",96,1.04900070823445,5690
"497",97,1.17507554300728,5690
"498",98,5.48302033100007,5690
"499",99,1.19365001104564,5690
"500",100,5.48140166326262,5690
"501",1,1.35112154607262,8788
"502",2,2.20447791903943,8788
"503",3,2.14830846058123,8788
"504",4,1.95059177591351,8788
"505",5,1.90252684927726,8788
"506",6,2.15751132267596,8788
"507",7,1.02078465211634,8788
"508",8,1.29230139772889,8788
"509",9,1.06450298416864,8788
"510",10,1.20641751385889,8788
"511",11,1.07303900151676,8788
"512",12,3.10664950553971,8788
"513",13,1.11789733077884,8788
"514",14,1.09720563441051,8788
"515",15,1.73923473144373,8788
"516",16,3.03722162093116,8788
"517",17,1.85265091191492,8788
"518",18,1.24788762238769,8788
"519",19,1.20685908477546,8788
"520",20,1.18397700975781,8788
"521",21,1.13953818256003,8788
"522",22,1.16196495913582,8788
"523",23,1.06694897282619,8788
"524",24,1.38048198514502,8788
"525",25,2.14088068023674,8788
"526",26,2.55940900574312,8788
"527",27,1.45471426402165,8788
"528",28,1.41352521047647,8788
"529",29,1.14383265330194,8788
"530",30,1.29496545945402,8788
"531",31,2.09718258408886,8788
"532",32,1.47884564945654,8788
"533",33,1.47810005428374,8788
"534",34,1.08844978242686,8788
"535",35,1.24058684533015,8788
"536",36,1.07559859610391,8788
"537",37,1.10247498713751,8788
"538",38,1.11464627198126,8788
"539",39,1.06024862755816,8788
"540",40,1.33806844674802,8788
"541",41,1.18503999921435,8788
"542",42,1.14736700271963,8788
"543",43,1.20529808901177,8788
"544",44,1.35562637570658,8788
"545",45,1.18798157414516,8788
"546",46,1.76874639477451,8788
"547",47,1.62091388914269,8788
"548",48,1.26882864313128,8788
"549",49,1.0858221697086,8788
"550",50,3.36141651486242,8788
"551",51,1.27182772266604,8788
"552",52,2.30770076190844,8788
"553",53,1.18256963725828,8788
"554",54,1.14221945709948,8788
"555",55,1.08219576819014,8788
"556",56,1.1169861009359,8788
"557",57,1.33496106675925,8788
"558",58,1.36941317708294,8788
"559",59,1.0783417844502,8788
"560",60,1.02642464703229,8788
"561",61,1.46214417776021,8788
"562",62,1.06745078019435,8788
"563",63,1.61342443686955,8788
"564",64,1.27376587931705,8788
"565",65,1.11857974114062,8788
"566",66,1.96885570660476,8788
"567",67,1.16998485913855,8788
"568",68,3.08614640129972,8788
"569",69,4.6425947317244,8788
"570",70,0.964900992007467,8788
"571",71,1.55549986984826,8788
"572",72,1.52774723751725,8788
"573",73,1.43273711398797,8788
"574",74,1.03418690875477,8788
"575",75,1.09801569227924,8788
"576",76,1.92718310699134,8788
"577",77,1.57025547472048,8788
"578",78,1.53471583612752,8788
"579",79,1.883153422398,8788
"580",80,2.02953817728871,8788
"581",81,1.06491446551141,8788
"582",82,1.2249056536904,8788
"583",83,1.09227676658297,8788
"584",84,1.18051705805471,8788
"585",85,12.0888362371123,8788
"586",86,1.89405630047542,8788
"587",87,1.04310183866523,8788
"588",88,1.31879675497485,8788
"589",89,1.1058656214701,8788
"590",90,1.06135491758374,8788
"591",91,1.96838077412174,8788
"592",92,1.03408402095101,8788
"593",93,13.7671317430646,8788
"594",94,1.55794811386942,8788
"595",95,1.10033221435648,8788
"596",96,1.42332530662432,8788
"597",97,1.34245265720126,8788
"598",98,4.24385519690083,8788
"599",99,2.7114124666856,8788
"600",100,3.20215790142482,8788
"601",1,1.13569962306459,13572
"602",2,2.99089680526013,13572
"603",3,2.66699949406126,13572
"604",4,1.13275417036962,13572
"605",5,1.36828694288551,13572
"606",6,1.04313842095268,13572
"607",7,2.01063063545388,13572
"608",8,1.13870163305149,13572
"609",9,1.37648680112016,13572
"610",10,1.93390049134962,13572
"611",11,1.06451529310196,13572
"612",12,1.04540702081836,13572
"613",13,1.12643950948356,13572
"614",14,1.77963413539549,13572
"615",15,1.1202674646138,13572
"616",16,1.24158265731937,13572
"617",17,2.09207808013206,13572
"618",18,1.06851704683525,13572
"619",19,8.69572669766992,13572
"620",20,1.4467834448693,13572
"621",21,3.18242380985138,13572
"622",22,2.49147743677481,13572
"623",23,1.24243430739905,13572
"624",24,1.03247305741765,13572
"625",25,1.02422024719268,13572
"626",26,1.34736129026091,13572
"627",27,1.11061880182905,13572
"628",28,1.10498121060602,13572
"629",29,1.17134122876651,13572
"630",30,2.40301107271054,13572
"631",31,4.47202178861246,13572
"632",32,1.6936913368226,13572
"633",33,1.63430785889533,13572
"634",34,6.30165853997052,13572
"635",35,1.02274016242286,13572
"636",36,5.8424740168283,13572
"637",37,61.4605918768962,13572
"638",38,1.13618739709778,13572
"639",39,1.17298024212978,13572
"640",40,1.08542120859558,13572
"641",41,1.14110053121858,13572
"642",42,2.54182884858884,13572
"643",43,1.35325764549681,13572
"644",44,2.06043470906764,13572
"645",45,1.08695645610954,13572
"646",46,2.28478632656985,13572
"647",47,7.89151318638675,13572
"648",48,1.57410076667453,13572
"649",49,1.45407629668571,13572
"650",50,1.20815726438043,13572
"651",51,1.41929633384259,13572
"652",52,1.04051523520416,13572
"653",53,1.2699024257485,13572
"654",54,1.2149492614916,13572
"655",55,1.19999213144642,13572
"656",56,1.40799380569086,13572
"657",57,1.31827711523795,13572
"658",58,1.06168571655656,13572
"659",59,1.06835009961934,13572
"660",60,1.3927697605048,13572
"661",61,1.55553306865242,13572
"662",62,1.81799245553534,13572
"663",63,1.29743108471765,13572
"664",64,2.41785326788532,13572
"665",65,1.14243225564754,13572
"666",66,1.25528759815154,13572
"667",67,1.44069558330334,13572
"668",68,1.99224806221203,13572
"669",69,1.41339001417852,13572
"670",70,1.13432632868963,13572
"671",71,1.38902271707045,13572
"672",72,1.54183016210087,13572
"673",73,1.26659173323565,13572
"674",74,1.10225176822665,13572
"675",75,1.19302810111783,13572
"676",76,1.62078749214935,13572
"677",77,1.38724250848382,13572
"678",78,1.10754267802663,13572
"679",79,1.91375657058498,13572
"680",80,2.55910753826964,13572
"681",81,1.1082639330248,13572
"682",82,7.40310950220885,13572
"683",83,1.6589902324212,13572
"684",84,2.30612433697546,13572
"685",85,1.08993770207544,13572
"686",86,1.26057784388646,13572
"687",87,1.68183087244493,13572
"688",88,1.10330128106065,13572
"689",89,1.06361891294995,13572
"690",90,1.44587723337053,13572
"691",91,1.44000386929236,13572
"692",92,2.14946383096938,13572
"693",93,1.6907738855231,13572
"694",94,1.30426753271738,13572
"695",95,4.6803052349579,13572
"696",96,3.28639560672397,13572
"697",97,1.10479617956275,13572
"698",98,1.70593666829764,13572
"699",99,1.2325659642508,13572
"700",100,1.56092729857712,13572
"701",1,1.05950708502323,20961
"702",2,1.22585637532891,20961
"703",3,3.9994306369173,20961
"704",4,1.33389839557972,20961
"705",5,1.90374696245415,20961
"706",6,5.03146365562786,20961
"707",7,1.31625832814026,20961
"708",8,1.18803265723817,20961
"709",9,1.08520721685604,20961
"710",10,1.57159725263959,20961
"711",11,1.11210434874803,20961
"712",12,1.39635793883277,20961
"713",13,1.31241969163136,20961
"714",14,1.11572195020632,20961
"715",15,1.75590532534763,20961
"716",16,1.02493718798096,20961
"717",17,1.06356613458011,20961
"718",18,1.56837177979553,20961
"719",19,1.06104831657119,20961
"720",20,1.09596463624272,20961
"721",21,1.13975672254519,20961
"722",22,1.19972836444561,20961
"723",23,2.01750086725944,20961
"724",24,1.20026759339676,20961
"725",25,14.0954540816965,20961
"726",26,1.24846759920966,20961
"727",27,1.10149928532135,20961
"728",28,1.82791096688688,20961
"729",29,1.22762059644115,20961
"730",30,1.06675588605277,20961
"731",31,1.38240445416382,20961
"732",32,1.10623719117831,20961
"733",33,14.38967432361,20961
"734",34,1.16697212409557,20961
"735",35,1.16744498097847,20961
"736",36,2.4204398558912,20961
"737",37,1.81827704123809,20961
"738",38,1.20106974276264,20961
"739",39,1.16542650963508,20961
"740",40,1.17584663433269,20961
"741",41,4.12996112572,20961
"742",42,1.3966980282584,20961
"743",43,1.04203082140241,20961
"744",44,1.83742264613263,20961
"745",45,1.9104514306308,20961
"746",46,1.59317082295447,20961
"747",47,1.31679421703276,20961
"748",48,1.6846894997188,20961
"749",49,1.46946808526751,20961
"750",50,1.09885765846051,20961
"751",51,1.45808799785071,20961
"752",52,1.50876283105898,20961
"753",53,1.43888096722441,20961
"754",54,1.43510891194733,20961
"755",55,1.54572290334689,20961
"756",56,1.14618312701732,20961
"757",57,1.24996761421117,20961
"758",58,2.94687422823099,20961
"759",59,3.05664547451147,20961
"760",60,1.59545385440399,20961
"761",61,1.14619956504471,20961
"762",62,1.18074265833919,20961
"763",63,1.52418754930888,20961
"764",64,1.13101072977864,20961
"765",65,1.56092770448698,20961
"766",66,1.19717279298371,20961
"767",67,1.18460897982625,20961
"768",68,1.22483075568055,20961
"769",69,1.33995684303212,20961
"770",70,1.06600140442656,20961
"771",71,1.13508829025307,20961
"772",72,1.14858604160473,20961
"773",73,1.21962416162153,20961
"774",74,1.12296119944713,20961
"775",75,1.07556827828359,20961
"776",76,1.14007748270641,20961
"777",77,1.11632617273853,20961
"778",78,1.02304259589403,20961
"779",79,1.90318159874664,20961
"780",80,1.19536690429306,20961
"781",81,1.20061405883501,20961
"782",82,1.0396512159933,20961
"783",83,1.14252945727212,20961
"784",84,1.0892821922626,20961
"785",85,1.37517916871994,20961
"786",86,1.11307689111471,20961
"787",87,1.34803490928218,20961
"788",88,3.36406297219551,20961
"789",89,1.20838727445674,20961
"790",90,1.56269848211174,20961
"791",91,1.6659881136387,20961
"792",92,1.52920228942501,20961
"793",93,1.10473793526265,20961
"794",94,1.11342427497336,20961
"795",95,1.34006082387335,20961
"796",96,1.10931403752899,20961
"797",97,1.18241051852182,20961
"798",98,1.35705388712945,20961
"799",99,1.52363451043843,20961
"800",100,1.05758105623735,20961
"801",1,1.42524355852222,32374
"802",2,1.67512921415803,32374
"803",3,1.21666590378525,32374
"804",4,1.15487535676805,32374
"805",5,1.0465465238651,32374
"806",6,1.07722349829935,32374
"807",7,1.21906061863664,32374
"808",8,1.51814118884914,32374
"809",9,1.08136726410121,32374
"810",10,2.62049732393118,32374
"811",11,1.12401917579773,32374
"812",12,2.39328570324222,32374
"813",13,1.58413055657266,32374
"814",14,1.11239284551786,32374
"815",15,1.57379732742606,32374
"816",16,1.06453425317179,32374
"817",17,1.31114149309442,32374
"818",18,3.58338228963761,32374
"819",19,1.29647219532555,32374
"820",20,1.70436194341116,32374
"821",21,1.16306113589569,32374
"822",22,1.42426819952592,32374
"823",23,1.09699091951415,32374
"824",24,1.89363661225489,32374
"825",25,1.17155367990854,32374
"826",26,4.16273799760422,32374
"827",27,1.68763020265063,32374
"828",28,1.09169924160973,32374
"829",29,2.8704311632259,32374
"830",30,2.25092731250606,32374
"831",31,1.1880846130066,32374
"832",32,2.79972795426886,32374
"833",33,1.69228571333848,32374
"834",34,1.72834429164166,32374
"835",35,1.3483282901504,32374
"836",36,2.79020264045183,32374
"837",37,1.10955145629566,32374
"838",38,1.08535042416284,32374
"839",39,1.96952133952631,32374
"840",40,1.31156223253732,32374
"841",41,1.29876593207716,32374
"842",42,1.03498297714744,32374
"843",43,2.36913522095096,32374
"844",44,1.86242551128246,32374
"845",45,1.03593804394997,32374
"846",46,3.06216328622451,32374
"847",47,1.07747463618653,32374
"848",48,2.34213011403152,32374
"849",49,1.19970085041448,32374
"850",50,1.19524445991376,32374
"851",51,1.20861264618983,32374
"852",52,1.24709575208571,32374
"853",53,1.19864579306911,32374
"854",54,3.62911343116885,32374
"855",55,1.48096516426475,32374
"856",56,1.43286914576822,32374
"857",57,1.47956731780051,32374
"858",58,1.06997056529595,32374
"859",59,1.08081313976841,32374
"860",60,1.14979360647155,32374
"861",61,1.64988986491593,32374
"862",62,1.12365397425449,32374
"863",63,3.52160491846085,32374
"864",64,2.92753844093241,32374
"865",65,1.08614621241104,32374
"866",66,1.2831347892367,32374
"867",67,1.18255498031264,32374
"868",68,1.66043562069554,32374
"869",69,1.21011189748917,32374
"870",70,4.19523549481715,32374
"871",71,1.1346620218524,32374
"872",72,1.39513874096138,32374
"873",73,2.81145253108012,32374
"874",74,1.07550563134683,32374
"875",75,1.04246294297713,32374
"876",76,5.69668579231501,32374
"877",77,1.0536773671356,32374
"878",78,1.13467732713946,32374
"879",79,1.28024690537258,32374
"880",80,1.35036775989442,32374
"881",81,1.20482596489656,32374
"882",82,2.02822359489984,32374
"883",83,1.19294618607083,32374
"884",84,1.04373723100017,32374
"885",85,1.7389122229543,32374
"886",86,1.29343059319188,32374
"887",87,6.22489995375084,32374
"888",88,1.04860445270108,32374
"889",89,1.20888985134283,32374
"890",90,1.23777413628076,32374
"891",91,1.93868830699592,32374
"892",92,1.67326743947626,32374
"893",93,1.05529458293756,32374
"894",94,1.02896177278689,32374
"895",95,1.06838124989431,32374
"896",96,1.09416751418479,32374
"897",97,2.61170398220245,32374
"898",98,1.12949736884198,32374
"899",99,2.6862188086744,32374
"900",100,1.30060309528098,32374
"901",1,3.0574322548748,50000
"902",2,1.04104197088766,50000
"903",3,1.37146778174988,50000
"904",4,1.08638429190652,50000
"905",5,1.47739137003613,50000
"906",6,1.50411511480158,50000
"907",7,1.19155407112407,50000
"908",8,1.67906063714462,50000
"909",9,2.5517883516695,50000
"910",10,1.30475610818683,50000
"911",11,1.08990855257898,50000
"912",12,1.20004363691424,50000
"913",13,2.72654195277905,50000
"914",14,1.79507183955701,50000
"915",15,1.16360739122789,50000
"916",16,1.13924205505334,50000
"917",17,1.28607055563994,50000
"918",18,1.04711873426717,50000
"919",19,1.04324974629321,50000
"920",20,1.1516443853957,50000
"921",21,1.46499393263898,50000
"922",22,1.08106607581186,50000
"923",23,1.47229037556179,50000
"924",24,1.07817828813232,50000
"925",25,1.72705427709839,50000
"926",26,2.48255046534492,50000
"927",27,1.21629911553818,50000
"928",28,1.33490331602098,50000
"929",29,1.20847511351024,50000
"930",30,1.02865135046018,50000
"931",31,1.03006557412587,50000
"932",32,1.13768306320471,50000
"933",33,1.42607471430893,50000
"934",34,2.11994768547457,50000
"935",35,1.07449772745247,50000
"936",36,1.44214952903354,50000
"937",37,1.86155741828166,50000
"938",38,1.33672045964572,50000
"939",39,1.40887011243679,50000
"940",40,4.10725991113711,50000
"941",41,4.8603948003857,50000
"942",42,1.44506705035229,50000
"943",43,1.35617489138039,50000
"944",44,1.04831565401398,50000
"945",45,1.12573186603165,50000
"946",46,2.18347043300486,50000
"947",47,1.05223350314682,50000
"948",48,1.82185020787191,50000
"949",49,2.38765014575485,50000
"950",50,1.13207566295065,50000
"951",51,1.51640888835336,50000
"952",52,1.07125109069392,50000
"953",53,1.0344254871786,50000
"954",54,3.78886723201135,50000
"955",55,4.11010819342136,50000
"956",56,2.23522419215265,50000
"957",57,1.59450085936938,50000
"958",58,1.29407874712248,50000
"959",59,3.08391357840956,50000
"960",60,1.09214864155679,50000
"961",61,1.58663413178197,50000
"962",62,1.28572726996894,50000
"963",63,12.4160021976141,50000
"964",64,1.90166182093243,50000
"965",65,2.43130943604544,50000
"966",66,4.61315386251709,50000
"967",67,1.69116330251037,50000
"968",68,1.17000038909938,50000
"969",69,1.41846423315685,50000
"970",70,1.26836659212983,50000
"971",71,1.12445306378078,50000
"972",72,1.46408813967591,50000
"973",73,1.13699403671351,50000
"974",74,1.03645740544464,50000
"975",75,1.0424338832611,50000
"976",76,1.13243016216464,50000
"977",77,1.02779495956166,50000
"978",78,1.10109509397265,50000
"979",79,1.11139661526796,50000
"980",80,1.61220734710177,50000
"981",81,1.05016632121166,50000
"982",82,1.03573384936906,50000
"983",83,3.45458408493996,50000
"984",84,1.17300097706339,50000
"985",85,1.4503988911809,50000
"986",86,1.62304395876691,50000
"987",87,1.03527748405543,50000
"988",88,1.35970740886991,50000
"989",89,2.10141948857624,50000
"990",90,1.25700090680779,50000
"991",91,1.40317647959386,50000
"992",92,1.77543993660626,50000
"993",93,1.7835420069795,50000
"994",94,1.68548162529718,50000
"995",95,1.16788352299615,50000
"996",96,1.6379673110755,50000
"997",97,1.31789359584777,50000
"998",98,2.25413921250131,50000
"999",99,1.31846501965286,50000
"1000",100,6.4556539978561,50000
